########### STEP 0 ###########
MESH
Line 0 : 0.000000e+00 0.000000e+00 0.000000e+00 0.000000e+00 0.000000e+00 0.000000e+00 0.000000e+00 0.000000e+00 0.000000e+00 0.000000e+00 0.000000e+00 
Line 1 : 0.000000e+00 0.000000e+00 0.000000e+00 0.000000e+00 0.000000e+00 0.000000e+00 0.000000e+00 0.000000e+00 0.000000e+00 0.000000e+00 0.000000e+00 
Line 2 : 0.000000e+00 0.000000e+00 0.000000e+00 0.000000e+00 0.000000e+00 0.000000e+00 0.000000e+00 0.000000e+00 0.000000e+00 0.000000e+00 0.000000e+00 
Line 3 : 0.000000e+00 0.000000e+00 0.000000e+00 0.000000e+00 0.000000e+00 0.000000e+00 0.000000e+00 0.000000e+00 0.000000e+00 0.000000e+00 0.000000e+00 
Line 4 : 0.000000e+00 0.000000e+00 0.000000e+00 0.000000e+00 0.000000e+00 0.000000e+00 0.000000e+00 0.000000e+00 0.000000e+00 0.000000e+00 0.000000e+00 
Line 5 : 0.000000e+00 0.000000e+00 0.000000e+00 0.000000e+00 0.000000e+00 1.000000e+00 0.000000e+00 0.000000e+00 0.000000e+00 0.000000e+00 0.000000e+00 
Line 6 : 0.000000e+00 0.000000e+00 0.000000e+00 0.000000e+00 0.000000e+00 0.000000e+00 0.000000e+00 0.000000e+00 0.000000e+00 0.000000e+00 0.000000e+00 
Line 7 : 0.000000e+00 0.000000e+00 0.000000e+00 0.000000e+00 0.000000e+00 0.000000e+00 0.000000e+00 0.000000e+00 0.000000e+00 0.000000e+00 0.000000e+00 
Line 8 : 0.000000e+00 0.000000e+00 0.000000e+00 0.000000e+00 0.000000e+00 0.000000e+00 0.000000e+00 0.000000e+00 0.000000e+00 0.000000e+00 0.000000e+00 
Line 9 : 0.000000e+00 0.000000e+00 0.000000e+00 0.000000e+00 0.000000e+00 0.000000e+00 0.000000e+00 0.000000e+00 0.000000e+00 0.000000e+00 0.000000e+00 
Line 10 : 0.000000e+00 0.000000e+00 0.000000e+00 0.000000e+00 0.000000e+00 0.000000e+00 0.000000e+00 0.000000e+00 0.000000e+00 0.000000e+00 0.000000e+00 

HEATMAP
0	0	0	0	0	0	0	0	0	0	0	
0	0	0	0	0	0	0	0	0	0	0	
0	0	0	0	0	0	0	0	0	0	0	
0	0	0	0	0	0	0	0	0	0	0	
0	0	0	0	0	0	0	0	0	0	0	
0	0	0	0	0	255	0	0	0	0	0	
0	0	0	0	0	0	0	0	0	0	0	
0	0	0	0	0	0	0	0	0	0	0	
0	0	0	0	0	0	0	0	0	0	0	
0	0	0	0	0	0	0	0	0	0	0	
0	0	0	0	0	0	0	0	0	0	0	


########### STEP 1 ###########
MESH
Line 0 : 0.000000e+00 0.000000e+00 0.000000e+00 0.000000e+00 0.000000e+00 0.000000e+00 0.000000e+00 0.000000e+00 0.000000e+00 0.000000e+00 0.000000e+00 
Line 1 : 0.000000e+00 0.000000e+00 0.000000e+00 0.000000e+00 0.000000e+00 0.000000e+00 0.000000e+00 0.000000e+00 0.000000e+00 0.000000e+00 0.000000e+00 
Line 2 : 0.000000e+00 0.000000e+00 0.000000e+00 0.000000e+00 0.000000e+00 0.000000e+00 0.000000e+00 0.000000e+00 0.000000e+00 0.000000e+00 0.000000e+00 
Line 3 : 0.000000e+00 0.000000e+00 0.000000e+00 0.000000e+00 0.000000e+00 0.000000e+00 0.000000e+00 0.000000e+00 0.000000e+00 0.000000e+00 0.000000e+00 
Line 4 : 0.000000e+00 0.000000e+00 0.000000e+00 0.000000e+00 0.000000e+00 0.000000e+00 0.000000e+00 0.000000e+00 0.000000e+00 0.000000e+00 0.000000e+00 
Line 5 : 0.000000e+00 0.000000e+00 0.000000e+00 0.000000e+00 0.000000e+00 1.000000e+00 0.000000e+00 0.000000e+00 0.000000e+00 0.000000e+00 0.000000e+00 
Line 6 : 0.000000e+00 0.000000e+00 0.000000e+00 0.000000e+00 0.000000e+00 0.000000e+00 0.000000e+00 0.000000e+00 0.000000e+00 0.000000e+00 0.000000e+00 
Line 7 : 0.000000e+00 0.000000e+00 0.000000e+00 0.000000e+00 0.000000e+00 0.000000e+00 0.000000e+00 0.000000e+00 0.000000e+00 0.000000e+00 0.000000e+00 
Line 8 : 0.000000e+00 0.000000e+00 0.000000e+00 0.000000e+00 0.000000e+00 0.000000e+00 0.000000e+00 0.000000e+00 0.000000e+00 0.000000e+00 0.000000e+00 
Line 9 : 0.000000e+00 0.000000e+00 0.000000e+00 0.000000e+00 0.000000e+00 0.000000e+00 0.000000e+00 0.000000e+00 0.000000e+00 0.000000e+00 0.000000e+00 
Line 10 : 0.000000e+00 0.000000e+00 0.000000e+00 0.000000e+00 0.000000e+00 0.000000e+00 0.000000e+00 0.000000e+00 0.000000e+00 0.000000e+00 0.000000e+00 

HEATMAP
0	0	0	0	0	0	0	0	0	0	0	
0	0	0	0	0	0	0	0	0	0	0	
0	0	0	0	0	0	0	0	0	0	0	
0	0	0	0	0	0	0	0	0	0	0	
0	0	0	0	0	0	0	0	0	0	0	
0	0	0	0	0	255	0	0	0	0	0	
0	0	0	0	0	0	0	0	0	0	0	
0	0	0	0	0	0	0	0	0	0	0	
0	0	0	0	0	0	0	0	0	0	0	
0	0	0	0	0	0	0	0	0	0	0	
0	0	0	0	0	0	0	0	0	0	0	


########### STEP 2 ###########
MESH
Line 0 : 0.000000e+00 0.000000e+00 0.000000e+00 0.000000e+00 0.000000e+00 0.000000e+00 0.000000e+00 0.000000e+00 0.000000e+00 0.000000e+00 0.000000e+00 
Line 1 : 0.000000e+00 0.000000e+00 0.000000e+00 0.000000e+00 0.000000e+00 0.000000e+00 0.000000e+00 0.000000e+00 0.000000e+00 0.000000e+00 0.000000e+00 
Line 2 : 0.000000e+00 0.000000e+00 0.000000e+00 0.000000e+00 0.000000e+00 0.000000e+00 0.000000e+00 0.000000e+00 0.000000e+00 0.000000e+00 0.000000e+00 
Line 3 : 0.000000e+00 0.000000e+00 0.000000e+00 0.000000e+00 0.000000e+00 0.000000e+00 0.000000e+00 0.000000e+00 0.000000e+00 0.000000e+00 0.000000e+00 
Line 4 : 0.000000e+00 0.000000e+00 0.000000e+00 0.000000e+00 0.000000e+00 5.000000e-03 0.000000e+00 0.000000e+00 0.000000e+00 0.000000e+00 0.000000e+00 
Line 5 : 0.000000e+00 0.000000e+00 0.000000e+00 0.000000e+00 5.000000e-03 1.000000e+00 5.000000e-03 0.000000e+00 0.000000e+00 0.000000e+00 0.000000e+00 
Line 6 : 0.000000e+00 0.000000e+00 0.000000e+00 0.000000e+00 0.000000e+00 5.000000e-03 0.000000e+00 0.000000e+00 0.000000e+00 0.000000e+00 0.000000e+00 
Line 7 : 0.000000e+00 0.000000e+00 0.000000e+00 0.000000e+00 0.000000e+00 0.000000e+00 0.000000e+00 0.000000e+00 0.000000e+00 0.000000e+00 0.000000e+00 
Line 8 : 0.000000e+00 0.000000e+00 0.000000e+00 0.000000e+00 0.000000e+00 0.000000e+00 0.000000e+00 0.000000e+00 0.000000e+00 0.000000e+00 0.000000e+00 
Line 9 : 0.000000e+00 0.000000e+00 0.000000e+00 0.000000e+00 0.000000e+00 0.000000e+00 0.000000e+00 0.000000e+00 0.000000e+00 0.000000e+00 0.000000e+00 
Line 10 : 0.000000e+00 0.000000e+00 0.000000e+00 0.000000e+00 0.000000e+00 0.000000e+00 0.000000e+00 0.000000e+00 0.000000e+00 0.000000e+00 0.000000e+00 

HEATMAP
0	0	0	0	0	0	0	0	0	0	0	
0	0	0	0	0	0	0	0	0	0	0	
0	0	0	0	0	0	0	0	0	0	0	
0	0	0	0	0	0	0	0	0	0	0	
0	0	0	0	0	2	0	0	0	0	0	
0	0	0	0	2	255	2	0	0	0	0	
0	0	0	0	0	2	0	0	0	0	0	
0	0	0	0	0	0	0	0	0	0	0	
0	0	0	0	0	0	0	0	0	0	0	
0	0	0	0	0	0	0	0	0	0	0	
0	0	0	0	0	0	0	0	0	0	0	


########### STEP 3 ###########
MESH
Line 0 : 0.000000e+00 0.000000e+00 0.000000e+00 0.000000e+00 0.000000e+00 0.000000e+00 0.000000e+00 0.000000e+00 0.000000e+00 0.000000e+00 0.000000e+00 
Line 1 : 0.000000e+00 0.000000e+00 0.000000e+00 0.000000e+00 0.000000e+00 0.000000e+00 0.000000e+00 0.000000e+00 0.000000e+00 0.000000e+00 0.000000e+00 
Line 2 : 0.000000e+00 0.000000e+00 0.000000e+00 0.000000e+00 0.000000e+00 0.000000e+00 0.000000e+00 0.000000e+00 0.000000e+00 0.000000e+00 0.000000e+00 
Line 3 : 0.000000e+00 0.000000e+00 0.000000e+00 0.000000e+00 0.000000e+00 2.500000e-05 0.000000e+00 0.000000e+00 0.000000e+00 0.000000e+00 0.000000e+00 
Line 4 : 0.000000e+00 0.000000e+00 0.000000e+00 0.000000e+00 5.000000e-05 1.490000e-02 5.000000e-05 0.000000e+00 0.000000e+00 0.000000e+00 0.000000e+00 
Line 5 : 0.000000e+00 0.000000e+00 0.000000e+00 2.500000e-05 1.490000e-02 1.000000e+00 1.490000e-02 2.500000e-05 0.000000e+00 0.000000e+00 0.000000e+00 
Line 6 : 0.000000e+00 0.000000e+00 0.000000e+00 0.000000e+00 5.000000e-05 1.490000e-02 5.000000e-05 0.000000e+00 0.000000e+00 0.000000e+00 0.000000e+00 
Line 7 : 0.000000e+00 0.000000e+00 0.000000e+00 0.000000e+00 0.000000e+00 2.500000e-05 0.000000e+00 0.000000e+00 0.000000e+00 0.000000e+00 0.000000e+00 
Line 8 : 0.000000e+00 0.000000e+00 0.000000e+00 0.000000e+00 0.000000e+00 0.000000e+00 0.000000e+00 0.000000e+00 0.000000e+00 0.000000e+00 0.000000e+00 
Line 9 : 0.000000e+00 0.000000e+00 0.000000e+00 0.000000e+00 0.000000e+00 0.000000e+00 0.000000e+00 0.000000e+00 0.000000e+00 0.000000e+00 0.000000e+00 
Line 10 : 0.000000e+00 0.000000e+00 0.000000e+00 0.000000e+00 0.000000e+00 0.000000e+00 0.000000e+00 0.000000e+00 0.000000e+00 0.000000e+00 0.000000e+00 

HEATMAP
0	0	0	0	0	0	0	0	0	0	0	
0	0	0	0	0	0	0	0	0	0	0	
0	0	0	0	0	0	0	0	0	0	0	
0	0	0	0	0	0	0	0	0	0	0	
0	0	0	0	0	5	0	0	0	0	0	
0	0	0	0	5	255	5	0	0	0	0	
0	0	0	0	0	5	0	0	0	0	0	
0	0	0	0	0	0	0	0	0	0	0	
0	0	0	0	0	0	0	0	0	0	0	
0	0	0	0	0	0	0	0	0	0	0	
0	0	0	0	0	0	0	0	0	0	0	


########### STEP 4 ###########
MESH
Line 0 : 0.000000e+00 0.000000e+00 0.000000e+00 0.000000e+00 0.000000e+00 0.000000e+00 0.000000e+00 0.000000e+00 0.000000e+00 0.000000e+00 0.000000e+00 
Line 1 : 0.000000e+00 0.000000e+00 0.000000e+00 0.000000e+00 0.000000e+00 0.000000e+00 0.000000e+00 0.000000e+00 0.000000e+00 0.000000e+00 0.000000e+00 
Line 2 : 0.000000e+00 0.000000e+00 0.000000e+00 0.000000e+00 0.000000e+00 1.250000e-07 0.000000e+00 0.000000e+00 0.000000e+00 0.000000e+00 0.000000e+00 
Line 3 : 0.000000e+00 0.000000e+00 0.000000e+00 0.000000e+00 3.750000e-07 1.240000e-04 3.750000e-07 0.000000e+00 0.000000e+00 0.000000e+00 0.000000e+00 
Line 4 : 0.000000e+00 0.000000e+00 0.000000e+00 3.750000e-07 2.480000e-04 2.950262e-02 2.480000e-04 3.750000e-07 0.000000e+00 0.000000e+00 0.000000e+00 
Line 5 : 0.000000e+00 0.000000e+00 1.250000e-07 1.240000e-04 2.950262e-02 1.000000e+00 2.950262e-02 1.240000e-04 1.250000e-07 0.000000e+00 0.000000e+00 
Line 6 : 0.000000e+00 0.000000e+00 0.000000e+00 3.750000e-07 2.480000e-04 2.950262e-02 2.480000e-04 3.750000e-07 0.000000e+00 0.000000e+00 0.000000e+00 
Line 7 : 0.000000e+00 0.000000e+00 0.000000e+00 0.000000e+00 3.750000e-07 1.240000e-04 3.750000e-07 0.000000e+00 0.000000e+00 0.000000e+00 0.000000e+00 
Line 8 : 0.000000e+00 0.000000e+00 0.000000e+00 0.000000e+00 0.000000e+00 1.250000e-07 0.000000e+00 0.000000e+00 0.000000e+00 0.000000e+00 0.000000e+00 
Line 9 : 0.000000e+00 0.000000e+00 0.000000e+00 0.000000e+00 0.000000e+00 0.000000e+00 0.000000e+00 0.000000e+00 0.000000e+00 0.000000e+00 0.000000e+00 
Line 10 : 0.000000e+00 0.000000e+00 0.000000e+00 0.000000e+00 0.000000e+00 0.000000e+00 0.000000e+00 0.000000e+00 0.000000e+00 0.000000e+00 0.000000e+00 

HEATMAP
0	0	0	0	0	0	0	0	0	0	0	
0	0	0	0	0	0	0	0	0	0	0	
0	0	0	0	0	0	0	0	0	0	0	
0	0	0	0	0	0	0	0	0	0	0	
0	0	0	0	0	11	0	0	0	0	0	
0	0	0	0	11	255	11	0	0	0	0	
0	0	0	0	0	11	0	0	0	0	0	
0	0	0	0	0	0	0	0	0	0	0	
0	0	0	0	0	0	0	0	0	0	0	
0	0	0	0	0	0	0	0	0	0	0	
0	0	0	0	0	0	0	0	0	0	0	


########### STEP 5 ###########
MESH
Line 0 : 0.000000e+00 0.000000e+00 0.000000e+00 0.000000e+00 0.000000e+00 0.000000e+00 0.000000e+00 0.000000e+00 0.000000e+00 0.000000e+00 0.000000e+00 
Line 1 : 0.000000e+00 0.000000e+00 0.000000e+00 0.000000e+00 0.000000e+00 6.250000e-10 0.000000e+00 0.000000e+00 0.000000e+00 0.000000e+00 0.000000e+00 
Line 2 : 0.000000e+00 0.000000e+00 0.000000e+00 0.000000e+00 2.500000e-09 8.675000e-07 2.500000e-09 0.000000e+00 0.000000e+00 0.000000e+00 0.000000e+00 
Line 3 : 0.000000e+00 0.000000e+00 0.000000e+00 3.750000e-09 2.602500e-06 3.680375e-04 2.602500e-06 3.750000e-09 0.000000e+00 0.000000e+00 0.000000e+00 
Line 4 : 0.000000e+00 0.000000e+00 2.500000e-09 2.602500e-06 7.360700e-04 4.851830e-02 7.360700e-04 2.602500e-06 2.500000e-09 0.000000e+00 0.000000e+00 
Line 5 : 0.000000e+00 6.250000e-10 8.675000e-07 3.680375e-04 4.851830e-02 1.000000e+00 4.851830e-02 3.680375e-04 8.675000e-07 6.250000e-10 0.000000e+00 
Line 6 : 0.000000e+00 0.000000e+00 2.500000e-09 2.602500e-06 7.360700e-04 4.851830e-02 7.360700e-04 2.602500e-06 2.500000e-09 0.000000e+00 0.000000e+00 
Line 7 : 0.000000e+00 0.000000e+00 0.000000e+00 3.750000e-09 2.602500e-06 3.680375e-04 2.602500e-06 3.750000e-09 0.000000e+00 0.000000e+00 0.000000e+00 
Line 8 : 0.000000e+00 0.000000e+00 0.000000e+00 0.000000e+00 2.500000e-09 8.675000e-07 2.500000e-09 0.000000e+00 0.000000e+00 0.000000e+00 0.000000e+00 
Line 9 : 0.000000e+00 0.000000e+00 0.000000e+00 0.000000e+00 0.000000e+00 6.250000e-10 0.000000e+00 0.000000e+00 0.000000e+00 0.000000e+00 0.000000e+00 
Line 10 : 0.000000e+00 0.000000e+00 0.000000e+00 0.000000e+00 0.000000e+00 0.000000e+00 0.000000e+00 0.000000e+00 0.000000e+00 0.000000e+00 0.000000e+00 

HEATMAP
0	0	0	0	0	0	0	0	0	0	0	
0	0	0	0	0	0	0	0	0	0	0	
0	0	0	0	0	0	0	0	0	0	0	
0	0	0	0	0	0	0	0	0	0	0	
0	0	0	0	0	17	0	0	0	0	0	
0	0	0	0	17	255	17	0	0	0	0	
0	0	0	0	0	17	0	0	0	0	0	
0	0	0	0	0	0	0	0	0	0	0	
0	0	0	0	0	0	0	0	0	0	0	
0	0	0	0	0	0	0	0	0	0	0	
0	0	0	0	0	0	0	0	0	0	0	


########### STEP 6 ###########
MESH
Line 0 : 0.000000e+00 0.000000e+00 0.000000e+00 0.000000e+00 0.000000e+00 3.125000e-12 0.000000e+00 0.000000e+00 0.000000e+00 0.000000e+00 0.000000e+00 
Line 1 : 0.000000e+00 0.000000e+00 0.000000e+00 0.000000e+00 1.562500e-11 5.575000e-09 1.562500e-11 0.000000e+00 0.000000e+00 0.000000e+00 0.000000e+00 
Line 2 : 0.000000e+00 0.000000e+00 0.000000e+00 3.125000e-11 2.230000e-08 3.432866e-06 2.230000e-08 3.125000e-11 0.000000e+00 0.000000e+00 0.000000e+00 
Line 3 : 0.000000e+00 0.000000e+00 3.125000e-11 3.345000e-08 1.029852e-05 8.473361e-04 1.029852e-05 3.345000e-08 3.125000e-11 0.000000e+00 0.000000e+00 
Line 4 : 0.000000e+00 1.562500e-11 2.230000e-08 1.029852e-05 1.694628e-03 7.157280e-02 1.694628e-03 1.029852e-05 2.230000e-08 1.562500e-11 0.000000e+00 
Line 5 : 3.125000e-12 5.575000e-09 3.432866e-06 8.473361e-04 7.157280e-02 1.000000e+00 7.157280e-02 8.473361e-04 3.432866e-06 5.575000e-09 3.125000e-12 
Line 6 : 0.000000e+00 1.562500e-11 2.230000e-08 1.029852e-05 1.694628e-03 7.157280e-02 1.694628e-03 1.029852e-05 2.230000e-08 1.562500e-11 0.000000e+00 
Line 7 : 0.000000e+00 0.000000e+00 3.125000e-11 3.345000e-08 1.029852e-05 8.473361e-04 1.029852e-05 3.345000e-08 3.125000e-11 0.000000e+00 0.000000e+00 
Line 8 : 0.000000e+00 0.000000e+00 0.000000e+00 3.125000e-11 2.230000e-08 3.432866e-06 2.230000e-08 3.125000e-11 0.000000e+00 0.000000e+00 0.000000e+00 
Line 9 : 0.000000e+00 0.000000e+00 0.000000e+00 0.000000e+00 1.562500e-11 5.575000e-09 1.562500e-11 0.000000e+00 0.000000e+00 0.000000e+00 0.000000e+00 
Line 10 : 0.000000e+00 0.000000e+00 0.000000e+00 0.000000e+00 0.000000e+00 3.125000e-12 0.000000e+00 0.000000e+00 0.000000e+00 0.000000e+00 0.000000e+00 

HEATMAP
0	0	0	0	0	0	0	0	0	0	0	
0	0	0	0	0	0	0	0	0	0	0	
0	0	0	0	0	0	0	0	0	0	0	
0	0	0	0	0	0	0	0	0	0	0	
0	0	0	0	1	25	1	0	0	0	0	
0	0	0	0	25	255	25	0	0	0	0	
0	0	0	0	1	25	1	0	0	0	0	
0	0	0	0	0	0	0	0	0	0	0	
0	0	0	0	0	0	0	0	0	0	0	
0	0	0	0	0	0	0	0	0	0	0	
0	0	0	0	0	0	0	0	0	0	0	


########### STEP 7 ###########
MESH
Line 0 : 0.000000e+00 0.000000e+00 0.000000e+00 0.000000e+00 9.375000e-14 3.406250e-11 9.375000e-14 0.000000e+00 0.000000e+00 0.000000e+00 0.000000e+00 
Line 1 : 0.000000e+00 0.000000e+00 0.000000e+00 2.343750e-13 1.703125e-10 2.757800e-08 1.703125e-10 2.343750e-13 0.000000e+00 0.000000e+00 0.000000e+00 
Line 2 : 0.000000e+00 0.000000e+00 3.125000e-13 3.406250e-10 1.103112e-07 1.016651e-05 1.103112e-07 3.406250e-10 3.125000e-13 0.000000e+00 0.000000e+00 
Line 3 : 0.000000e+00 2.343750e-13 3.406250e-10 1.654665e-07 3.049866e-05 1.667672e-03 3.049866e-05 1.654665e-07 3.406250e-10 2.343750e-13 0.000000e+00 
Line 4 : 9.375000e-14 1.703125e-10 1.103112e-07 3.049866e-05 3.335124e-03 9.821704e-02 3.335124e-03 3.049866e-05 1.103112e-07 1.703125e-10 9.375000e-14 
Line 5 : 3.406250e-11 2.757800e-08 1.016651e-05 1.667672e-03 9.821704e-02 1.000000e+00 9.821704e-02 1.667672e-03 1.016651e-05 2.757800e-08 3.406250e-11 
Line 6 : 9.375000e-14 1.703125e-10 1.103112e-07 3.049866e-05 3.335124e-03 9.821704e-02 3.335124e-03 3.049866e-05 1.103112e-07 1.703125e-10 9.375000e-14 
Line 7 : 0.000000e+00 2.343750e-13 3.406250e-10 1.654665e-07 3.049866e-05 1.667672e-03 3.049866e-05 1.654665e-07 3.406250e-10 2.343750e-13 0.000000e+00 
Line 8 : 0.000000e+00 0.000000e+00 3.125000e-13 3.406250e-10 1.103112e-07 1.016651e-05 1.103112e-07 3.406250e-10 3.125000e-13 0.000000e+00 0.000000e+00 
Line 9 : 0.000000e+00 0.000000e+00 0.000000e+00 2.343750e-13 1.703125e-10 2.757800e-08 1.703125e-10 2.343750e-13 0.000000e+00 0.000000e+00 0.000000e+00 
Line 10 : 0.000000e+00 0.000000e+00 0.000000e+00 0.000000e+00 9.375000e-14 3.406250e-11 9.375000e-14 0.000000e+00 0.000000e+00 0.000000e+00 0.000000e+00 

HEATMAP
0	0	0	0	0	0	0	0	0	0	0	
0	0	0	0	0	0	0	0	0	0	0	
0	0	0	0	0	0	0	0	0	0	0	
0	0	0	0	0	1	0	0	0	0	0	
0	0	0	0	1	34	1	0	0	0	0	
0	0	0	1	34	255	34	1	0	0	0	
0	0	0	0	1	34	1	0	0	0	0	
0	0	0	0	0	1	0	0	0	0	0	
0	0	0	0	0	0	0	0	0	0	0	
0	0	0	0	0	0	0	0	0	0	0	
0	0	0	0	0	0	0	0	0	0	0	


########### STEP 8 ###########
MESH
Line 0 : 0.000000e+00 0.000000e+00 0.000000e+00 1.640625e-15 1.207500e-12 2.022097e-10 1.207500e-12 1.640625e-15 0.000000e+00 0.000000e+00 0.000000e+00 
Line 1 : 0.000000e+00 0.000000e+00 2.734375e-15 3.018750e-12 1.011041e-09 9.986384e-08 1.011041e-09 3.018750e-12 2.734375e-15 0.000000e+00 0.000000e+00 
Line 2 : 0.000000e+00 2.734375e-15 4.025000e-12 2.022079e-09 3.994445e-07 2.503642e-05 3.994445e-07 2.022079e-09 4.025000e-12 2.734375e-15 0.000000e+00 
Line 3 : 1.640625e-15 3.018750e-12 2.022079e-09 5.991637e-07 7.510419e-05 2.946096e-03 7.510419e-05 5.991637e-07 2.022079e-09 3.018750e-12 1.640625e-15 
Line 4 : 1.207500e-12 1.011041e-09 3.994445e-07 7.510419e-05 5.891393e-03 1.279386e-01 5.891393e-03 7.510419e-05 3.994445e-07 1.011041e-09 1.207500e-12 
Line 5 : 2.022097e-10 9.986384e-08 2.503642e-05 2.946096e-03 1.279386e-01 1.000000e+00 1.279386e-01 2.946096e-03 2.503642e-05 9.986384e-08 2.022097e-10 
Line 6 : 1.207500e-12 1.011041e-09 3.994445e-07 7.510419e-05 5.891393e-03 1.279386e-01 5.891393e-03 7.510419e-05 3.994445e-07 1.011041e-09 1.207500e-12 
Line 7 : 1.640625e-15 3.018750e-12 2.022079e-09 5.991637e-07 7.510419e-05 2.946096e-03 7.510419e-05 5.991637e-07 2.022079e-09 3.018750e-12 1.640625e-15 
Line 8 : 0.000000e+00 2.734375e-15 4.025000e-12 2.022079e-09 3.994445e-07 2.503642e-05 3.994445e-07 2.022079e-09 4.025000e-12 2.734375e-15 0.000000e+00 
Line 9 : 0.000000e+00 0.000000e+00 2.734375e-15 3.018750e-12 1.011041e-09 9.986384e-08 1.011041e-09 3.018750e-12 2.734375e-15 0.000000e+00 0.000000e+00 
Line 10 : 0.000000e+00 0.000000e+00 0.000000e+00 1.640625e-15 1.207500e-12 2.022097e-10 1.207500e-12 1.640625e-15 0.000000e+00 0.000000e+00 0.000000e+00 

HEATMAP
0	0	0	0	0	0	0	0	0	0	0	
0	0	0	0	0	0	0	0	0	0	0	
0	0	0	0	0	0	0	0	0	0	0	
0	0	0	0	0	1	0	0	0	0	0	
0	0	0	0	2	44	2	0	0	0	0	
0	0	0	1	44	255	44	1	0	0	0	
0	0	0	0	2	44	2	0	0	0	0	
0	0	0	0	0	1	0	0	0	0	0	
0	0	0	0	0	0	0	0	0	0	0	
0	0	0	0	0	0	0	0	0	0	0	
0	0	0	0	0	0	0	0	0	0	0	


########### STEP 9 ###########
MESH
Line 0 : 0.000000e+00 0.000000e+00 2.187500e-17 2.437969e-14 8.363362e-12 8.656440e-10 8.363362e-12 2.437969e-14 2.187500e-17 0.000000e+00 0.000000e+00 
Line 1 : 0.000000e+00 2.734375e-17 4.063281e-14 2.090837e-11 4.328112e-09 2.953456e-07 4.328112e-09 2.090837e-11 4.063281e-14 2.734375e-17 0.000000e+00 
Line 2 : 2.187500e-17 4.063281e-14 2.787781e-11 8.656167e-09 1.181307e-06 5.414057e-05 1.181307e-06 8.656167e-09 2.787781e-11 4.063281e-14 2.187500e-17 
Line 3 : 2.437969e-14 2.090837e-11 8.656167e-09 1.771940e-06 1.624001e-04 4.806167e-03 1.624001e-04 1.771940e-06 8.656167e-09 2.090837e-11 2.437969e-14 
Line 4 : 8.363362e-12 4.328112e-09 1.181307e-06 1.624001e-04 9.609971e-03 1.601751e-01 9.609971e-03 1.624001e-04 1.181307e-06 4.328112e-09 8.363362e-12 
Line 5 : 8.656440e-10 2.953456e-07 5.414057e-05 4.806167e-03 1.601751e-01 1.000000e+00 1.601751e-01 4.806167e-03 5.414057e-05 2.953456e-07 8.656440e-10 
Line 6 : 8.363362e-12 4.328112e-09 1.181307e-06 1.624001e-04 9.609971e-03 1.601751e-01 9.609971e-03 1.624001e-04 1.181307e-06 4.328112e-09 8.363362e-12 
Line 7 : 2.437969e-14 2.090837e-11 8.656167e-09 1.771940e-06 1.624001e-04 4.806167e-03 1.624001e-04 1.771940e-06 8.656167e-09 2.090837e-11 2.437969e-14 
Line 8 : 2.187500e-17 4.063281e-14 2.787781e-11 8.656167e-09 1.181307e-06 5.414057e-05 1.181307e-06 8.656167e-09 2.787781e-11 4.063281e-14 2.187500e-17 
Line 9 : 0.000000e+00 2.734375e-17 4.063281e-14 2.090837e-11 4.328112e-09 2.953456e-07 4.328112e-09 2.090837e-11 4.063281e-14 2.734375e-17 0.000000e+00 
Line 10 : 0.000000e+00 0.000000e+00 2.187500e-17 2.437969e-14 8.363362e-12 8.656440e-10 8.363362e-12 2.437969e-14 2.187500e-17 0.000000e+00 0.000000e+00 

HEATMAP
0	0	0	0	0	0	0	0	0	0	0	
0	0	0	0	0	0	0	0	0	0	0	
0	0	0	0	0	0	0	0	0	0	0	
0	0	0	0	0	2	0	0	0	0	0	
0	0	0	0	4	55	4	0	0	0	0	
0	0	0	2	55	255	55	2	0	0	0	
0	0	0	0	4	55	4	0	0	0	0	
0	0	0	0	0	2	0	0	0	0	0	
0	0	0	0	0	0	0	0	0	0	0	
0	0	0	0	0	0	0	0	0	0	0	
0	0	0	0	0	0	0	0	0	0	0	


